720
840
1020
1260
1500
1860
2220
2700
3300
4020
4860
5880
7140
8640
10440
12660
15300
18540
22440
27120
32820
39720
48060
58200
70380
85200
103080
124740
150960
182640
221040
267420
323640
391560
473820
573300
693720
839400
1015680
1229040
1487100
1799400
2177280
2634540
3187800
3857220
4667220
5647380
6833340
8268360
10004700
12105660
14647860
17723940
21445980
25949640
31399080
37992900
45971400
55625400
67306740
81441180
98543820
119238060
144278040
174576420
211237500
255597360
309272820
374220120
452806380
547895700
662953800
802174080
970630680
1174463100
1421100360
1719531480
2080633080
2517566040
3046254900
3685968420
4460021820
5396626440
6529917960
7901200740
9560452920
11568148020
13997459100
16936925520
20493679920
24797352660
30004796760
36305804100
43930022940
53155327800
64317946620
77824715400
94167905640
113943165840
137871230700
166824189120
201857268840
244247295300
